37514509
79405664
10372388
20860086
6347970
28282540
36042411
-1923575
45133834
26842636
70724108
74539750
62886720
78737228
99484210
66774741
42241958
81497186
17851730
74689153
97364757
14769664
34615313
-6465913
94602677
-1476377
44764598
3788043
43427559
64402599
87305805
-2171630
14439171
5551378
70210437
53085394
11025933
825678
2792225
-262662
77745142
15795424
97796082
98559461
12155573
85254813
84644557
87002644
85614143
-223367
40190958
70517862
83599368
31104336
59454952
497156
11899206
22022110
91528323
57195486
12375731
45610860
67205643
94118783
53630447
76963359
71984426
74887525
10394348
12230197
49152510
91977974
66829605
68864192
57503692
51621103
39164775
57780989
29302272
13013361
8823799
48435603
45756565
34877124
85600409
98866216
1276258
12232412
80032389
57393384
79316476
37714390
-9376145
92167557
75148164
56323455
21129587
3955987
45486885
59746250
-618091
91877273
62368907
80745041
36649052
83017375
38131129
19182374
18038911
94177741
6484485
27773688
48317346
49252737
58726707
29935170
37020600
71069271
95182258
969909
-927203
89784392
54860378
68494049
92101338
32912311
32070948
-8619406
39901829
93930745
16964362
74756740
79214518
11899448
54777779
40548197
16147317
55534555
96558539
65205493
1699766
-3763928
58146875
70796096
46610242
39321278
50716123
55059157
99129945
33258975
92263170
44689822
23420187
74688077
88333694
10154109
-9372243
6633694
58489921
20282370
504012
63302905
73769143
86554394
90168125
14610890
27981212
31193919
85094809
-6119420
20750673
74703360
62819140
63796075
29357489
28734101
-1195033
18126162
2161931
57920069
45962640
13595137
66031318
44471811
66717858
3221631
58909238
94795955
81802154
3804868
19452387
66792013
3372418
76253199
81326361
64387279
71468768
44722188
68962254
-2288852
62702557
49547468
24717622
44596488
76066727
52260098
72137293
32502266
29333964
4689679
92559128
64713223
35074884
29358237
133967
25753327
71631321
87332957
61828743
89713106
66833775
68338411
40954557
95861059
20583437
89511662
-6102788
69777778
-6762434
10749474
66060493
29717104
30058969
21752423
95451370
39992090
19750217
76428466
96280157
72374298
-983029
17566506
73025032
47018467
1287940
-3560021
88661954
63486623
2144754
3566473
35451046
85026232
51148454
65134936
50422433
95389542
25848376
23026331
78475625
-3465666
99253482
61936560
44121791
61897039
-2189438
-2587986
15892150
-1498533
62006505
75121638
99881942
61597664
47351107
87692602
96185714
43394487
91555340
97336671
78210942
17712114
12708337
17925936
26899963
55975094
26737918
28346200
42290794
37868429
58732238
98796162
77149883
15019729
80114288
580783
97498642
88874015
60688287
18936423
-5642542
-6579925
54992083
16041726
71415423
15797173
85095979
-6429625
54724349
37835019
46446699
93194429
40023708
2916989
-6956531
46306424
60562443
13725208
76308944
99388757
86416212
73762596
74456813
55985339
94822605
-2421513
-3455815
9002250
84655356
429033
19256740
19437211
64693641
81824336
35844684
62890898
21334459
9547664
37569004
34422291
15432162
92490849
62221130
37656901
59102455
90103516
4497009
45207197
27886738
51351814
3003116
88834534
32959035
84336690
90688477
22471290
24493532
77676702
7172135
5616492
10303859
97136546
45820225
55722514
-7514476
332760
37684388
57712990
60303633
46807689
50961628
29169169
-3664185
79811645
30377004
96594282
64379925
59077951
31227122
92341969
9362452
82406779
43629855
40231405
33003678
78174227
-6505858
64446414
16950819
76623815
92897397
94820505
12919523
36108336
45032462
7899451
17105566
23850883
92080408
22659702
52690276
12732289
81587115
74097381
92804914
72662511
45440888
13033157
71849073
-361426
955881
36209363
28845748
99630550
8553867
50167914
-2489245
36855007
84474924
71397633
18195477
94355911
49636445
89457691
62337452
71753331
68864309
7110037
62319240
12107729
81854818
14899750
88210097
-4211648
-4698494
90721708
49733674
81419254
79689585
35857319
33332265
12181210
39343216
25953770
18164127
-3965393
73020627
94053458
65857322
85236130
67119004
64799339
4636170
27654867
34911980
54466643
71714518
96514034
50400674
9463757
-2657659
40640548
22153029
55930177
36937618
22384298
89329586
52953267
17053683
10665875
59725382
60912240
40313928
-6053010
30433830
36197587
99146920
44259266
37596759
40884842
17626501
29318669
-16628
-9768898
43813570
75740014
36851853
83568081
53479614
91476856
48915460
54211826
-6510108
52505597
68257896
59360595
61825059
21731923
85416459
12739224
42998234
44248637
27687825
5414847
73656987
55886217
23272132
53696979
78945594
-3754798
59462274
92353665
77398123
84499327
55693105
29644543
24696561
54746225
89763142
54604086
5689743
-6042955
22058083
-9009880
41477752
53132012
14837059
71569795
12616694
35560703
69088009
64950503
3084470
65857247
54923811
15503802
15873755
9459494
63545775
38265152
69090221
13046098
46232466
31048980
15878899
86143818
36887560
-8436866
16271252
81280802
70163029
22148083
27369349
7425915
56335131
84012688
86672333
-4037002
79888904
70383355
68881357
-8885578
33647729
-5172918
74017693
11215358
25562117
41739388
50978081
12285250
74551628
82000711
63755800
70258071
96612428
20117664
89608385
36882333
86595602
71121889
53515014
-7205218
53095673
-2913368
30096865
60580468
38251414
65103241
84973814
92157908
89473102
-4430496
63096996
34221691
13541667
289150
44431387
70242270
25962564
31164273
12432380
60245327
83704605
43903674
44341037
51126285
12896708
59189598
38262069
18636174
9047061
7503506
75458484
-5160452
20603268
10071639
14948119
88471337
51833353
10754787
35980194
93541456
74369572
59992361
17005894
34179280
61940281
58072976
4580213
42423310
89600715
78052670
2367025
81063526
10042594
3764191
83946006
17289381
95520504
85759495
73135285
98042873
38556977
55380722
41138337
33901673
54833297
79234447
55947625
52510460
81474002
34664932
96009683
32348874
97679553
64639918
69903873
72492342
11997077
19388727
-3463458
74082891
62689300
83513571
21844313
40700127
42226479
14643154
75168780
52151132
49664104
85758463
16539490
95466263
52715250
7925049
83864574
63536002
28581425
77461467
-2427530
60042642
56771731
3522560
13502708
51201132
49317489
12958808
96471853
1415990
38651040
85233497
78468103
41216755
91433800
80436735
43998018
-3541285
10376009
14588708
98668687
34360412
-5685110
88171420
24259298
-9638855
41214449
33482777
75112707
53198419
16075568
20360262
25296894
97640075
46231682
18402507
8311985
61505314
63486288
528343
-5742717
-8980702
76838699
52408786
16630365
14945108
-824532
99094874
8581556
58339878
4322722
27056356
70549737
57966312
67595750
10104251
73723368
72617597
28535053
58371425
48420280
86872648
22930693
-444671
90210158
38792149
36522390
74111938
11665433
94903233
40199750
33900881
7163684
-5872530
88421973
37370175
11865784
33819872
47209636
65725722
-9289372
87485443
95320377
65761229
5929812
-3789459
47430515
80852879
30372172
4773083
3264732
40595925
43209584
50190966
27009648
40367913
39793649
64921251
14845424
64157214
5133892
29166126
37487484
67969805
-3724360
61669719
23506298
18631414
34127356
98334558
92003501
64901247
90705303
76963383
81734591
9140727
92301308
-298072
86749850
-4551474
18670664
14426015
3566419
3404936
95462259
14333311
57753456
99094670
98569915
67498662
53173207
75091120
98730526
35011411
-7923477
9124548
65757226
17448524
58015983
42047834
23540216
16931597
33324889
85067010
90833409
93365179
-1619100
25496736
199281
2975291
52763579
80856708
94191240
99455301
44816310
-6665290
43364775
94565958
19072646
51707825
66569758
55430738
-5287174
72222149
39067802
53012399
45368342
79503013
39681124
31812233
11420546
37244829
40955810
57098141
36706204
25433189
29581199
82708452
93892719
81546333
97675158
19131942
74500611
11917331
90763865
85732447
33205410
63128503
13120149
-1019682
98519149
52561715
13580346
35876118
43518270
61157850
-363687
81775392
95414817
66152604
49433487
47682238
-8385913
86483558
29745250
23837968
20203435
18754642
84968147
59550308
66259723
72842739
39079633
54271187
20811700
25568970
6500948
94210720
-1774031
63021143
88120757
59640865
46995040
33361650
81831719
64821362
26583701
52810094
92629845
81063540
91048812
46323913
9423363
8565632
96538247
3674122
41655681
26304837
56329176
92710482
95379277
82753262
9476009
68145083
37751588
18695222
47518476
-9587973
55586885
93191014
80232093
37457509
3026249
16827580
51431938
47758515
76097855
64573919
25309945
79262218
-8940430
82940898
-3896613
71217429
31056806
45707625
35624412
3506268
-6925880
91868021
78146043
35190563
36914934
52781875
78219137
49181996
16953142
37249903
40258287
61817289
10925276
72985715
16231986
50841684
31322616
89493720
18772831
58591683
97620389
14185109
7809656
87411924
20130283
43201808
74313769
97806290
26569125
14489426
57517848
26848641
9349073
88662287
94533199
-9664866
95253359
-6475304
27622823
8122871
4315585
9864381
92113437
66108880
45471056
99606153
61966585
86520732
14513295
42543470
52469503
6940987
85463621
43101108
43758855
57854805
17735377
326348
76699261
20869432
14922168
54911002
45872598
80162366
27482688
19711878
93294562
87236722
13112839
67656623
23345734
12616976
10372718
10872736
10469558
56360570
10325801
20411889
7087760
99708502
29025219
32993638
13737054
-285392
66601037
-3306713
71469216
73030649
36928630
54290132
18736983
4357615
64499094
42746300
92293507
11968182
63234723
98926159
96337736
3423139
52252626
63774627
11569633
49488679
88768744
9555659
2957296
26508915
97678440
-342466
84235953
65838895
18680197
92372007
64510200
-6841322
81245834
59427265
94869306
-1275061
51042776
46649700
47104188
10186783
18244606
87892631
3887498
17403600
78607807
9663223
90448545
11567591
33408682
1046998
25354690
-5579413
43957587
13339090
-6924581
2873412
58131860
84071089
27467630
24695643
26711886
59618707
14119002
47132192
91444096
36422869
30173401
22579390
84451992
93563796
32907400
28739955
33605729
44850237
67908831
8309981
8195406
22170149
28042100
89375086
96976113
93837305
73897691
27658639
99937085
64842349
47117010
23900493
-4504588
87824455
44589997
-1723746
12385430
79679662
24239583
29499585
8368851
5507818
71390186
10866133
-5051967
88287809
19241428
-5376181
19820054
89156856
52835877
82659813
79516506
27189231
9434760
86325448
47199864
1551450
94406452
64470892
41123945
84139269
-2204466
-1158412
20967648
8187795
81773719
89937900
6790782
50722055
49940963
94395918
12229384
75336764
19980081
-9491397
21366808
17580998
46281177
59550061
35892556
47036557
97311843
10231179
55678252
97269441
83568065
87107955
75452759
75580277
17106531
685425
-4498757
19319160
61483076
93061292
31485400
1584496
98198576
25835677
93135280
95578815
51933061
36349631
72568690
19952598
578760
92389975
93340619
43808544
99214717
74136471
51212425
88079923
59869799
29250618
2654212
78454193
14038968
95716650
60692331
-8302510
19274375
81163316
63871127
59274449
19424347
90511500
11256634
29358889
67423722
96488606
4374270
84145540
64442864
25758979
94819108
66826036
47493966
77008197
27072192
68707851
-6259830
-3966315
59794214
98403695
62975195
51518032
98094959
26657069
65748246
36492918
90650022
84904800
97695441
90853389
75182279
55601562
30817179
12114204
32182463
27031211
41978005
40028090
-5696967
97283133
54592418
48527138
93436828
92631743
88088706
-9985556
12354040
63463732
16021403
36787014
98681274
79223250
75410431
89421266
28589155
-8283854
-8241
50877239
14014444
69782496
28488024
72335477
12012336
-2276147
8438890
26918257
63305452
70610222
66117249
36526228
83385562
97102545
14029767
36859725
93867732
86501826
31950484
42281165
51472351
69452294
70958170
24220964
24926852
83299325
-8281932
3535014
91184450
30489775
72890300
27496507
-9805278
39578063
3270031
35460127
74257489
36780718
76134636
11503233
79775773
60841933
32789263
23655395
12017543
41134563
58864269
29716091
28798110
51591495
46283308
56146761
63354014
53363234
48143028
82818151
-9719774
46107263
12743740
23059087
69540797
91465971
63413961
92123854
82024350
54196182
74914331
10513319
921116
46956627
88447277
82513537
20133274
30052492
34791336
9604914
73739123
72298890
56096590
97190354
94262389
7347123
28967822
60415932
37903654
-166997
9821952
58351272
57119941
54978445
56907069
66033439
66255011
97755548
29442800
14468570
-439432
68295114
25065750
20446909
32977951
38131982
51258424
50946730
36077650
35021152
54368262
50730127
44213145
43504991
94920077
23208167
92830821
50822504
53888517
33620051
97999988
22942405
99294766
33539158
33191700
1505054
63603200
98078049
78922184
89187418
65459660
88825404
42451127
22271994
43135731
77957378
62548444
97948768
-910119
5504744
48405497
78756175
77569565
79344676
78298715
30006846
37403456
5426419
-1538213
96428697
50557445
43248126
50232761
11884254
59437484
67357889
34878358
94843014
98703919
15767834
77212699
24725346
3409857
14181823
64439044
19946685
87426799
-1387397
46155512
73962830
84268948
18301758
26672838
28461921
16876560
4107257
41823335
61565129
63743021
58003665
96512039
21365792
24188602
80519127
28540243
15241601
89045952
6719823
83325866
7408773
71830375
68341531
65723378
22786793
-6884064
6294913
71125477
-9156717
38581299
36020336
46725140
34266963
87118615
40895824
69661167
6813773
85015499
28908435
69148180
39214910
26999383
-2753771
23675287
50126558
90673030
81189509
38065304
24242671
53164002
-4501893
75938757
83401294
54110690
41826706
20231877
91355998
25098916
59766776
1219669
60924434
2447332
-4633310
95492316
48886204
27816386
-9521139
86621925
-1941854
38082009
92786562
26502400
75945610
87624245
32402160
14069983
91387659
-2463468
69756486
13528336
95081213
41256396
29306213
15141132
307345
31284200
3330077
32776054
38847071
68939725
48776942
21782021
61249358
42417231
18802150
34162774
48613794
11780317
5789720
81253037
74302696
85047659
52417940
33851129
73397044
75566513
84911838
8744576
57564401
21678898
50868706
16033637
5758723
37477967
17271831
24938523
32319195
32104034
6509670
42594269
64112306
54331927
-2789873
-5092590
87601932
25593515
66290467
91628155
79677034
15086995
37137421
50873084
10775123
16054636
81309528
12860041
13513198
69363345
32680090
52217000
55581267
30523256
58988407
78580683
30247873
-8816303
61778510
83300658
75503552
22268009
62936714
74593550
20219700
-5154026
54929137
58979812
36447849
9170292
35731826
34908184
92724448
63016174
63719567
31074681
12470886
15488814
29997039
38032070
18261242
83900400
28807473
-9609804
25576894
46697916
42767374
51451522
75609005
29785580
72493323
73494304
42465677
37999110
81520116
84753871
-5306268
21061617
66618464
86079552
65500263
75867342
96205682
62458738
-4539094
5135322
24438640
64431771
2340961
82794756
51500612
83824904
95316727
-3562379
97316913
20705787
73344968
25814744
51711241
97802706
14544229
55799752
95614702
91955062
-8048914
10236044
86560091
59970396
70369114
91165226
55286733
54776290
58638851
77745225
83281990
25852207
16907682
64547008
11455635
80651304
57089916
19100080
91314130
58514339
21570523
-3324657
37546297
89737168
86193789
46513586
907948
2909433
91734172
70790106
38958949
46168908
65967270
97814233
53764217
528163
33527515
38502894
29077991
42678419
-6290740
96349998
-1916665
42917769
72175110
49671534
31510476
6061966
70945535
77834192
57520568
78253434
16973683
29197393
23160383
63723684
-3824922
11210583
62631900
29759987
68955368
34926232
51767328
-1069973
30536741
76554206
54158695
38652844
23908696
89237806
41593260
52527536
77513166
41951820
-2729486
59821330
82203896
27080482
56503960
14252367
59682025
16780725
79107400
52285181
36962345
2652190
-6699643
78962036
46242547
64069581
84419066
34588227
56055702
65261693
86901181
24922110
86068520
85612555
32643307
11342233
-5763064
50438345
31898847
9844168
73841900
-4983774
26884861
50969684
63783268
28069546
13240159
87701427
71490957
23813794
14885365
22934267
64179685
47171278
82623103
3402320
58865434
98817366
86291951
82541358
56760647
82640219
86243896
389624
4332923
31915383
74114825
77840595
77164715
16989748
49343585
68367198
32230413
-6009565
80107880
4168157
-351980
26677771
-6717612
10240436
-7899954
42506519
85977177
40664438
86740838
63397592
19584062
14457116
88309762
28068855
87340906
8542979
71093061
97336368
76923661
31657819
9797144
45624800
19746825
25669520
14882072
-993804
59991324
38756744
67507277
77222526
52105197
23596133
38648949
76458506
31788507
45606075
67157204
42206524
-2545431
36704437
79610365
62191227
5933658
-3228410
3710139
97064478
19310539
73315908
63608548
84022816
29702298
28494954
55978231
87190169
98679386
96646024
81727774
61192536
80554519
64665176
18154250
34480725
25175978
3054632
85569742
88299170
17318582
26248526
-2760044
9161530
73977521
15606920
69743001
68818232
78555115
25801316
43076621
59952596
34591484
-1046970
48215306
-7031660
84399680
-9698345
77871036
-8820240
73352324
-9482432
28547704
93996312
77107962
9249929
34790133
44594661
-4945737
2178044
21097376
72860595
36325980
48076894
79100461
808207
78485277
40003806
41244643
42111032
18878110
-8907840
8091182
76054523
47831666
7435143
-7976612
-9852973
95503537
46330692
9392312
39761625
39446476
80246457
73354671
90453281
75709540
58998818
9905620
-750323
41411162
77997786
17215712
34276159
54840346
50107778
44637993
89825024
-2538975
80948227
58893584
52498506
46644387
32415970
97074602
-5368683
47473388
48513912
28876153
71768339
53416577
34175450
5841765
45554901
95986298
14214971
44299367
-5542584
35120325
81520025
40048763
43649768
28983332
56729669
16714833
91766376
6257147
5561722
42801431
85452975
24054079
15531548
32743629
-5619319
88405281
-9779477
-4349025
3161297
43834124
49551683
10813758
44072932
89570826
23555091
72946904
35681175
-3753654
51001775
34567177
64082941
-4427669
-8800120
4817077
94734950
60838441
461176
5999337
66965685
17774697
23708981
55694563
17697786
18174620
70371379
18477079
-6978149
-4656055
83129028
10814726
395203
23587970
316789
11757979
55158546
84922229
22934181
58305930
30645598
7825876
46154405
15736966
29088731
-5019680
5729565
41370528
20202942
79678450
45113522
36713198
-370048
59690447
93658173
44702200
32940920
99663464
8576714
49993694
9318125
71567945
53848326
31968497
5195063
73123498
84221924
66870721
43642953
82857714
39110362
20610343
10276512
90169430
85294062
671611
51946479
27305387
15848161
34981081
71957592
68510257
27654219
39920840
81937114
11730499
40030909
48394182
40838893
27843524
23476160
82818459
57374580
69418596
16431449
67287915
42405300
15173345
-7023185
-1497998
20696499
34222363
6265295
38570739
67423169
67782355
83971034
20213977
51533810
13829535
14913854
22066033
-8917932
53514608
77338269
20770209
-9617613
19436427
-1142035
60479203
63423429
38828790
12391658
-5454534
68009885
25656626
4380961
97590411
21879864
21335623
68566956
90281376
77375156
64996459
73395956
6590219
42252426
38363929
94534321
83495604
-3965496
14771250
5861754
69953248
-3222592
-3329309
70382987
30180219
66049933
59757476
27248490
53829162
27175879
82485427
97233063
82036838
40168473
68388284
56901091
28194878
49223583
43268466
36173685
99508759
33759936
37566094
3560825
46219992
-8006186
22864865
99586412
51139606
-5088715
6055490
11991488
-8867144
57141519
89538754
99081219
-1408138
89391112
-1795937
-1379916
1572727
85021257
48456602
59460723
18520013
87587131
92843871
69214268
84297482
23134453
52789173
80815593
87517146
-5342844
94989593
82220350
82330041
50546752
84975053
33600719
97670631
23589381
49134443
-98153
5110350
3334316
490054
-6369149
80235055
39403086
-3161223
29051488
1649493
23506665
36053815
37458064
14090007
-5619386
82562963
74124564
71452086
76026697
53145380
78991313
-5828577
-2763232
24241270
31794104
19337338
76487945
89853761
94628024
23213823
88050923
69371218
88380436
80445820
32564284
59887892
93513187
66879703
57372804
64102595
82380308
45471352
64722920
15847620
-9007079
-9697546
70987134
59084521
22356338
92258458
9921867
45926184
66546495
-2376215
5126555
69360442
3865311
41167733
33482189
52176233
23235931
-1733904
5015628
85342534
50180824
55765897
81058775
11549857
5567252
84376424
-8494498
20665658
-5054293
26371720
56609614
60387477
12505300
51441550
80779936
56498921
79934033
98691216
80403416
20168213
27445761
37507783
18869664
48618881
24230199
95788679
74856400
10197861
26821530
23477055
59106132
96655854
60190920
4805908
9466188
20137267
49229508
92777022
95926007
2240429
79099676
-314615
84108934
75790707
6713465
23000144
96482722
96241137
43758791
98207365
51058776
23478517
65349762
11461854
-6215623
-1258292
97182519
77682733
69602254
93923796
76971745
48693677
91420799
-64145
34918841
31942693
61521037
92038551
79050824
33251357
46367429
21823364
70105168
-2674474
45194311
19982989
53969750
35080656
67618116
42831731
2042669
6391716
18846589
97252426
95791292
-253852
-8973455
-690061
37177163
21686287
72392796
84195125
64795539
24065265
52184429
23263068
63583525
50728571
-1435588
38181627
25202142
89267156
41642283
67536903
97245808
41110201
58541811
58463176
31007858
23197262
1065255
62826336
5426637
60966803
67385855
-6492506
-3018392
-2517476
31017074
15464199
10505445
72593130
51493986
5499307
90320638
79972852
44228425
39837528
12699187
14159318
43940718
49879812
65383345
5651500
-7310782
12747321
2777389
29006802
3217746
743975
66483271
67450097
8132384
30712431
67604806
31274172
27820134
82825847
70982184
82801707
47120934
92091009
48284980
-8748344
33959409
-2256800
92344845
36231204
92267410
70478188
44345750
-7400410
76194160
35358831
90680620
59077320
18563274
5465125
50201952
42735305
4419426
97621636
98362631
11076476
32683779
72808785
94126784
72294996
-6425545
-4584193
22264714
92153543
27124591
43229335
6769903
42263579
86623768
65990219
90110944
27652332
49981745
96898416
15499890
47810290
72688074
43250567
66250009
43436970
2188400
69396495
33538143
75293679
74779311
15936400
54902574
26833244
43378659
65757088
21293926
48524342
20417435
95444520
3107406
99162559
3323269
4256182
16225189
5191604
83509008
54776296
47114436
87430852
19628938
66758396
82976245
50323107
-2621884
93929488
38881288
53319189
73973862
60657472
99179183
59711573
-6546460
96095771
70544207
5020358
92774886
36145443
76100860
4077902
83311201
25983588
88983179
40290906
28481747
79730831
76728319
73923043
82237397
56829693
58648975
10061582
40832751
14827664
36590194
-8116652
75112589
25180372
43418585
29162633
49450404
32215489
44257620
10066489
54291252
-409334
-9054261
24594292
82879160
26363371
80714241
98959239
78909758
4277395
94858968
42405290
71236861
82154686
91143689
63258294
53780125
77423061
88568282
16205329
51280625
45949085
59481740
65858775
67872606
92374198
47714559
78288398
42906171
-8459373
44539540
17980557
-23689
40089865
89153038
56394762
37699823
85431921
90304161
19234017
74417039
27915603
69002796
35601066
89170138
22687577
59350314
75048707
6030163
99315239
6016395
12925460
49329457
83576078
56723694
44694294
29527724
31596111
54463754
51813282
86394607
60089322
50681559
44226677
68866690
70523905
83251987
76128279
21411564
1160824
60077067
55722262
4912112
60881286
72017686
97667975
53781170
66357114
39721997
91086854
29253082
79496862
80446764
8096573
94912545
29771957
8710688
90956204
34676457
-1667052
6054993
40442955
45142085
91703032
47376734
77461682
96021737
84527590
54193246
13730488
68385282
60368732
37260370
31679716
78449401
98078145
76035198
84019211
52609691
85146430
97197937
85017982
79075566
78645065
77537642
77230628
93691018
5026988
93132432
728968
9566009
97414360
15108049
20684481
13748045
93500551
67767672
78139670
85909781
-2951302
48028043
52352814
66978560
66880124
80817931
99801564
69311934
67141665
98561057
22179217
7020101
4236988
93546337
36515105
59017174
82836407
31976313
46227213
25332976
99378587
38555406
-8185234
42040969
-714346
57949835
99645573
41509502
49905574
78902349
46406154
53449686
91227306
38075727
24794149
13566029
61208884
24264163
44938563
54662898
81146360
53235585
39194199
25428922
99341838
90876213
95418075
32681413
41051742
46315267
3364136
80581917
25798150
15404316
64363163
67777857
52163058
92881564
49692361
93269323
94872506
19274465
50804719
21852245
84435382
16186142
95559396
67592125
50725145
50420472
41354096
16178926
56425203
14176361
31012380
-4572518
28721042
77308794
70171147
18079742
46560768
77147921
37770603
-2319440
42356070
23877364
9080863
43388986
45860735
37986474
33734012
57699003
77525161
69173408
17588389
63931745
56687817
84058702
14566617
27132608
57419629
24376170
-7739555
62920102
-6319953
21545189
59963775
70580713
2828664
3768811
98814143
44689069
63420494
1400164
-4605530
36576301
62408188
30533804
16727355
98137525
14300631
69370846
56904729
77236044
86253033
86994553
37428609
64774821
24608025
68505759
45944766
19558443
88253092
3829919
44586072
-7480887
99024268
48761594
42049430
-9787137
12545645
40104636
1005254
87108935
68363214
97270666
62945759
50793781
51279400
89737290
93463901
24609213
94427395
-6385553
-4642318
33608355
1850908
17917106
53739061
22254157
29912226
27868174
48359332
14560166
99216870
92262424
43363511
-5390636
30919169
-2217909
65618602
82757327
84129859
50466905
53677039
49512308
33823131
8672741
94214846
79354345
97411999
10298026
95627440
-1546967
14717264
23505422
18777400
58800697
-2074695
12984342
72102179
77386221
-7415839
32389883
31616817
32811605
74714410
47798034
5957287
16851275
52484235
38935775
13157835
66884275
68758598
79170151
95464464
39455597
40426827
30488755
60233750
80019198
-217258
19958851
53861103
24926705
96896810
29505023
31209780
23753450
70115701
38790898
29323933
21525305
2738130
70175204
19771629
54923940
99704804
84824914
15361916
94296033
-3481474
54696862
-2041522
8580613
-1730150
92943447
81921505
-8549353
90959222
93457612
-579775
42685956
97779581
-3950901
1651861
-9008850
40535604
46752802
70012313
7898376
40484994
13534826
74077512
-1884824
77408646
45863201
68789379
83703280
98571893
78574842
96421449
74392851
63811117
69846220
-8475958
-8708427
99009679
41177486
55713650
29919677
-7503859
-1874249
62568365
46479554
93607750
34901891
44655578
4006709
5179573
33670724
84162999
-9907794
41958146
19358509
65817112
87722787
20561601
-2517443
17945644
95406088
34262059
16677755
74432028
17181169
43025117
39652034
72355216
14740249
67601292
29378809
69599290
29000521
23393315
83258125
24126824
24200562
57981835
84645168
-7297471
54083534
-7130284
20057737
-6032554
75223503
91635689
88734760
-8824903
66242098
73752425
70003969
50509051
50089685
26468908
69990231
46262610
-8464792
-6188927
45023392
27321225
74679877
-5564483
87379395
54490148
14170382
62714742
18002895
55980961
75890159
5287814
89767495
4216157
55496375
63564645
41370544
71874321
61314410
8709154
10302180
2746418
13671497
3280996
-9929402
89664032
-2182712
38143826
83745456
6223228
48333117
41854100
49275610
-5119880
61079822
47891137
75834271
11860286
89556365
59237132
1967858
61759513
-6251736
86439004
85236382
41937940
8166384
10722695
9223826
19924565
91747961
92503198
77980797
79571236
-3381968
69478613
84039348
76483842
89067341
79902691
78024334
76609564
77139165
18910931
48804027
96568588
68313379
72743891
36960803
68074463
40282279
17740367
22552020
69448157
55777896
50241070
99551337
41449532
45106767
55839792
12679729
61030452
27742126
95249288
77357404
57201276
86412864
42662976
81583516
11626440
63259108
74351973
68575656
23811994
-7420455
34028559
-4560319
55989736
46900989
-2299379
95856696
85761423
36363807
47749050
93052420
5192358
97497644
-8919798
29207465
26215345
12340949
-5120919
87133498
39860413
84534005
97540347
8108987
16196747
2840214
-7802413
92229398
90946391
52609131
63973627
76459602
30276252
72947076
8014054
57744041
91861250
86780545
74817674
-8054610
79501574
86055992
64219
23939310
41663910
7967679
16775006
57889996
92093238
54577804
87834771
-2137174
56627685
53825383
-7097469
979259
8309703
54903233
74177931
21680780
45488835
-7811565
1583173
59383905
41787690
51570128
32543009
55868562
67913285
16209659
-4959573
31493803
50372503
50883616
10677454
46086369
71160861
61231529
53840942
83989878
27885822
27247167
16215183
15221746
64193317
58262926
305890
10958505
38164453
70718695
-554637
34470798
2967252
53223412
78802918
77862654
45625620
24675977
82279888
8960728
17307773
29155542
-2321424
37084972
85616995
66079364
78356989
73027285
17395346
18971379
83424374
25550712
97155183
15261059
2598794
1344789
72344016
10470024
95383470
86900474
38255050
44354486
85279815
63927226
17430189
72130287
87547238
-9327882
63627735
79803791
87661766
-2317714
10862526
53262011
22928930
93129432
94210100
8460542
28710755
12268097
50254359
12968579
78110268
85647917
24292871
65369054
70939847
-9710668
84921650
27103853
50062324
40297080
53183005
70818623
33260358
9058475
16596430
97258696
89450645
63742685
47200090
78546812
-2405581
65287308
1566376
48111556
75451065
57664196
11326501
57530131
75981359
30294098
2473910
-7979511
78451941
22497896
60764017
27429536
19587213
83152252
2035840
16460365
50947347
60271850
9360955
29770449
68786761
21714171
12334736
46435373
22585071
33049699
73587336
64967010
57823089
7675205
2386714
46845500
3188888
75421557
57695279
75999115
2829503
41937069
79948457
98234987
27680589
-7939653
33656966
95811415
66856485
74484013
-1721143
35919169
-6900617
-1703302
50155002
94453539
6091501
35893879
75915906
56412082
48913644
67066506
82518701
79124451
50152627
65543494
74246556
32061539
39276563
18747706
54542502
10937412
80209477
-2145120
33764405
10474927
-5519981
18016986
55806624
73006872
86880546
45039189
403169
39669648
4466657
55919887
63399247
6220107
-667703
87929198
26676943
49671840
30907223
74390644
37453533
58606148
-571453
12245906
39644241
79298022
80937562
51811884
71923545
75684262
89685534
56729381
57461321
29281898
84875925
4498756
77192662
77840155
24465949
92023136
40054426
42275052
58325410
-1266545
51275798
69168894
29549356
30965285
37270375
87873433
38487023
46211329
56367379
40560026
24462101
85367112
26654143
82784133
47338157
46061951
14587554
31481283
78499731
89052625
23419274
56886381
75596609
37235250
30002439
42704816
47883054
-5121994
99209967
23001649
23992269
25202516
39200042
86664124
19881699
61509631
67976262
97226033
59456181
59189076
89494895
68038161
77719966
27154653
-1756822
49025635
88415605
29779995
40392929
-4144639
-9292541
3577054
10156687
-348775
1397361
49550599
40793261
15450559
40470812
28717069
-8731677
93443858
98208542
2402769
69745319
82762810
68503507
37702230
62804854
83573262
10168841
15636654
7752817
40286459
83636139
67695198
99639951
74404334
-209312
73557083
80775656
77546509
9175635
94514841
20504567
43936045
-6992418
80411782
-5390273
40321229
77213430
94445572
-2118432
82849020
14350403
15599376
72115679
33016582
16133768
12479037
99013715
69112400
51836277
78423891
-1711957
90156710
40335426
86015977
89213794
86671574
57993546
57445682
52940853
25657893
9464452
-2883115
31119356
51706377
19118635
42731795
98764296
40505146
86244865
56764051
3743006
88257436
10494198
-4836840
-2127552
20548601
13502730
5500336
-3485096
36545358
71896884
40202007
42858007
79673304
-3559320
68537647
62591693
75902755
97335503
37953613
572540
59047298
-2339487
70032510
18820721
93120895
72374747
30095964
92230150
90251925
20246183
20655940
61838182
87775574
77508725
32664723
27115251
-8331850
70751189
81964334
81812135
63051763
32374637
-4556084
30726262
70225924
-4270943
24063492
80007286
48182920
49297470
57189718
58422628
27978249
55833086
70258336
-3059967
87620593
86784911
24035408
89084298
8818669
14950761
88555976
84190235
48877615
38801310
67007514
46254559
6544324
73085933
21877781
8556924
80850548
-652470
83312185
93045868
24891799
-6394188
37337537
72102717
88335355
30081372
37725948
57907495
55697305
99616086
90298034
54900685
46771286
53170690
27760932
36328902
-204606
11244654
95342072
97768451
11284169
20976667
48235873
-300939
83900483
27781978
86864728
52630526
96150691
62585030
83362547
87646226
16290915
75152966
57002577
43890147
57178325
14870878
5262092
-3244322
85198169
5892051
47946421
11012821
89587070
57655322
6320978
68626019
51025865
-3789774
18930491
38679354
48599096
30877195
89722820
7562623
56024172
43426939
48682505
61437221
91137740
39936496
-8299621
49400854
84912122
12262695
53036133
-2077367
89174114
52954889
54105006
38008961
43901991
5089662
-4626187
34882646
64057462
209192
12566875
35867596
42393024
12308084
26501503
-6192792
23970750
45422570
62878242
72785027
50815735
48140548
95628880
34670045
72559309
83188830
11235971
-2396216
51979952
74720385
74274204
85478406
-9963658
49301700
67498048
43730452
64894219
67933245
89911214
64554400
73111073
68634826
22482171
83572065
1915630
48319529
82773194
50625662
28421831
79219881
-7777324
72064257
82194087
37661520
72309218
87037090
-3098778
49443878
-9391246
28653623
90659974
75640388
12623576
26395877
85421822
24374356
40510261
33363333
-7220380
55897677
84072920
532058
-4466231
56275706
44576910
68602879
11621067
64339779
14513051
20093163
12004430
97893585
80991550
89857118
57427348
99557860
77269560
24880171
53351336
45417571
94403368
32021315
28571636
44126913
88142737
92149541
71554553
61590388
86318178
38397870
52016952
-7074908
1866314
-835215
38233790
98258165
92845064
1673515
95929631
-8435974
26150602
55066119
76987613
35565925
-6248337
59126670
32052701
82838590
805960
4960148
82780276
78780356
6980665
78545198
84717489
50667644
-3612733
20825366
31212766
48392953
70948877
20128833
89303907
53768933
98405387
-7756440
31693558
77636819
-3886628
64065497
78890117
19203773
13053182
53112456
59909283
-1306509
97581615
68529399
-3153578
35779350
17361591
86045504
5490192
70932359
96540938
58776699
51448749
42304431
36715751
5313492
93207876
29690526
98768791
35884935
85926155
93639452
23379118
76902608
89883087
20282179
84289620
71216545
10010817
84020551
904758
-6832588
71791155
-6042236
36540658
21519884
78844559
61430659
24518717
74531547
87225452
86190442
52571939
33221850
81910831
26438030
3719275
37081582
33329511
62442079
14083861
22223205
15279686
35477164
2887905
95594984
4289400
-9753383
71519364
3450425
41077675
65884010
42574000
57463009
15417028
16069989
83531398
71407670
3961979
10598361
44317053
88256378
-3126395
54219338
13496249
54291566
28183619
-6240245
82948181
35212593
28472925
74641505
19878201
93509490
96297869
7434551
33016679
90730096
-5488006
13656388
13137386
80312422
82089151
-2306667
23173796
29931743
42817056
28187478
81333942
23732243
11584196
29311462
57140459
83960966
10446300
40301606
86814482
19435650
34989642
55446329
95073005
-3596677
-6559604
78138830
75195665
60780306
1197878
55248530
32064164
402240
92660798
43127549
-9407993
86662886
67070763
-9377850
54327769
45399413
12192667
24756624
64939239
93388237
98036047
-8568128
64811026
42081448
-2799059
4052392
20560054
68215659
90297299
27590403
26965410
62197513
21242394
27941364
81251172
30463864
28625819
34400237
56036990
15366392
33757654
59778786
73691592
35485733
45966434
25713833
29214766
78870573
87579435
13949784
-180144
52518728
99724553
4063049
18506252
47998454
56559821
44302798
97124066
94201042
94691079
78481405
13271798
52321379
54724599
18698540
15593043
8729250
26085322
41251380
30170749
-3314818
98675236
1057283
18532302
72676653
-5601536
93684728
70723358
87048797
38896070
50218264
59761569
20989131
82294283
66922280
12817643
88171560
51061470
58082351
91591052
27684909
43077091
34036803
15135754
97851569
76671159
92755800
93867650
75348631
94370835
49193362
-802338
2241391
8250740
18707080
68938012
2494537
47773335
17875412
99452011
13908543
25556793
94181976
84524389
70636743
24473381
53260715
3950263
55959907
63173968
65978762
71586178
55657648
83528474
72865993
-1430028
21641806
47328121
25391398
77564612
43440075
-9351443
5259263
52923207
28346966
21275547
18882399
99040288
44453717
87327883
83435628
-2590315
21677457
86528817
97717027
89314537
62867318
22233181
4232337
44246628
51289823
28733303
15717314
-1685432
7921765
54302289
19084692
56687635
57972952
-1403234
37020153
72113599
56351621
68354418
28665481
-9962942
78665515
27591496
33221883
99404401
81075774
69041967
2076276
12809006
47667702
94171229
97318631
73006247
71252859
2592107
4229964
66557323
97852355
-1537707
48981922
49117341
24606272
32825330
10356685
25146618
48588383
55114491
-4563146
54558188
16165414
84414978
-8978650
96140025
7801704
40179438
-4064093
52106144
29863924
-6479278
86347247
29862491
-4703231
82475344
64357070
54679854
21850320
75962628
53773139
88723087
46369665
55811450
12704697
15442067
60171853
45162604
22369787
59031302
5547260
26507993
30499268
32726618
98298151
74267994
12267147
41656205
84077808
18669060
91513898
1484616
-3549079
-4451405
18593971
90225639
65679014
61344430
61388654
43931940
57955357
48673726
72968403
54744858
-9424568
81383612
39289698
8872352
67698804
34153254
91576588
22760153
-1908763
7974076
-1474448
81062551
65948165
-3265318
31080346
75109177
46475949
70398210
-6886562
97557946
65570932
54223458
98511521
13375793
65821477
-7416809
13642886
58942182
99236569
82573370
66116328
-1913311
85289488
3029851
-9424422
46655423
93257482
71693696
3408329
43038758
17938618
-9216919
26462261
24987740
13216486
74756696
35651592
4174153
20154196
57120077
84152803
-2872159
38864658
7125695
52986516
82028981
14255258
98743453
30607980
-5788716
-9679950
75233796
36571862
66127470
27019068
36784565
69533551
30301482
-8365041
59459482
-1200860
69634089
69765859
63801926
1470906
89748233
56982547
57965288
42456967
8614973
51651187
74550165
78496569
59284736
34214637
43959039
3697329
38497150
99663478
28429062
99506454
-4036587
9235592
-3127416
51790054
41009413
94503912
37967082
90231616
26269869
27374156
42325460
38022124
63838950
90069168
36923430
96312597
-9461324
72981104
64384830
78967850
53791841
95770005
7054818
42924758
14977626
-7823686
40986537
30711242
2717488
79970267
62871471
94371331
98192883
27880318
85312807
96366777
4128638
92758645
34906627
29488699
82429415
38488851
52081311
66845896
52869142
40365567
5490679
-6218333
96762275
63643620
36912530
-8850667
11595688
4086488
59203219
28105649
63255611
-1120312
78514831
45751839
57866267
4147855
72053257
21250428
67097589
37919750
23063686
74450168
87281822
5407315
26416794
87805241
65644592
58352036
35204092
72083385
29156427
3562336
21690681
-57337
35097960
92010312
86509370
36549936
63234252
69941370
76114191
61545036
8381350
60698049
10789002
10564350
97517539
9978798
52300133
27883654
26272219
85147588
1462161
84870481
2036471
64661155
74664454
68112951
55516494
60498253
12466298
-3126917
-1514413
25708197
32901165
88810289
-278127
-2529281
31287460
13589338
64617743
26081010
63784039
90214551
69259709
91866988
12786664
49383411
54782988
12984751
64585850
23157195
14853573
54801676
68640827
39780799
94827640
80758945
77164092
30211307
64566891
113754
80492639
92919105
-9741404
32620196
42135297
37956530
59592145
97681813
49560510
49473091
97202227
26375627
55264473
60449496
58787344
83817565
45419172
476404
72413758
229772
50966400
97142287
76390370
5293660
78093407
70301223
3797051
-197689
20284299
73045940
56531040
99962904
99328918
25755946
67537972
-5072544
-3843427
46372015
27811338
73184794
32074700
44815517
54408005
-2406742
-2052532
40481875
73599219
-2395968
73587197
71674809
48381986
-9664357
4112626
7889329
885137
38972243
86167875
72840525
52221895
90011427
3247788
-8951496
52112684
75777795
85944770
24656443
61617956
17527795
71082538
30287341
64399090
7727108
11003803
40641266
4562426
23139143
88533894
19387034
34113060
22529932
19350232
79741233
82680888
92199983
1623424
60444877
37009555
73415101
93835540
84374379
43855724
38866680
69814536
-8498128
9118885
10238587
75981706
49045152
53095957
99627352
79002679
39025228
44155457
48958512
59507973
63602825
64310507
11148359
-7550481
20746703
38382121
62111220
44608895
16206074
30095769
43585282
72002734
36477577
16636175
53697171
48245575
68564214
97760783
4439523
47244974
52335959
-4158121
2685275
63583845
99067200
47798630
59922438
25684098
95429182
32197150
87241722
41225902
-9836007
-533883
71177674
-2209272
14116754
75146654
78222154
-7298365
58339426
20509342
40458983
85797530
86163929
77087084
33372871
32233027
21757326
49943838
-2382306
-147369
90547218
31904304
30632202
26065543
68242314
36355053
23824918
-7113358
2157326
63505295
28710211
16241835
59596637
60650494
18432969
43228583
83608375
85516604
53420267
8079265
-8324315
15805251
56033842
86093082
57619537
-8875858
82058612
30804683
54331465
40936940
29506129
61322014
38172405
89571457
49204173
7519928
39494347
98700533
35780758
96073605
2370170
30396490
26789000
73248237
41832683
76624238
34004507
31193997
-5113187
-25605
78954439
81945475
41648693
81971216
52742595
88336699
70300341
73969189
31372967
80059911
19041833
59200944
74732682
14806814
82651190
12282546
97615235
94356976
24502868
48915622
44167220
86743128
-1837707
86585494
83999969
20888908
8881714
7513737
3429165
50106811
36848514
25940265
55609437
47677926
12365298
36009403
73721087
-1509029
-6084225
5479724
28463590
2718762
56367079
56759034
4275919
64415130
46471258
54379119
62272742
47648467
56897118
98557502
18287883
8401313
37164779
5003194
27220854
34487372
-8800734
-9637368
43259277
24416062
45082131
85564595
75522469
20598575
-507102
8717130
14860828
53747644
49667195
12405356
31613200
81213784
64914809
75581257
41941519
9173612
34892135
89261820
54786035
21923361
26674346
26112454
10175286
-3279216
59794413
47135541
13856934
64170365
58331188
36789285
65492611
89627191
71091158
27516394
53934831
91918501
55762554
65843469
21621236
402080
67794756
29572326
26335693
56995464
98064083
22150644
39101689
72531855
-5464481
377079
92855812
9954310
2802216
84179405
41112530
40949757
-2332186
28802469
20673593
85685602
86996695
54563913
55905408
20645154
56328415
13943914
16584747
8608462
6630802
71400778
44125595
-7409571
66636576
-1124081
4193483
46465271
40018088
36948685
18211849
75749824
47470554
4927202
27073783
54255685
58524858
57554046
69841738
8692267
99894499
-5227713
87157884
24239346
11038610
85782972
94937433
30922964
95031779
94626270
69054571
18019277
58449726
23822549
23118936
95682579
97407858
44712414
19774911
61165468
97196604
-1663360
84865591
77284455
67814599
35394230
5777041
69591077
68558406
14680483
49229450
53288641
-2489419
25959106
52841725
83879393
41931548
99705303
82304940
47616347
59715473
58908879
30321099
16202290
69746244
-9679849
26387939
23055526
49615923
96830902
6492992
-6650945
2773705
51918647
66678159
14041338
13375030
25818240
23088963
26662036
99405980
6028430
12839161
25809912
11828877
89477515
36464090
-5458990
56933851
-5536050
68839754
64692966
30105447
35587591
61962895
81146181
17830634
29569954
-7379167
48730842
1126956
10324820
27938587
12651823
65485317
2290293
59625810
-5571101
24552272
85426075
99732456
81700051
88503031
24347581
28403638
48377782
90251778
88969474
28307166
21316870
14281167
78950500
95002718
76534309
14057807
66722010
83773446
-6660508
92363636
-2455530
94116613
90254230
32565023
29877243
27662631
53284916
40708504
70480696
12514440
-4901517
61441506
81293095
99344428
34607325
49841687
43174812
8643183
76072448
86543254
20074662
1848531
24117971
9956004
7943288
23375131
55243778
56756520
20227759
99267138
52249536
71026335
13004619
73734784
97847003
91482678
20406589
68798004
34689784
99061738
-1797528
69428531
36437726
49788183
72071007
93874743
99840154
5862833
74713631
80674883
9010609
99267327
99151849
37611325
47229941
31250896
14535634
61126651
99947113
59035482
76691345
6406475
10547483
-1881133
24576929
28092024
43224151
57526113
71790137
40965309
41009257
-3476610
30355469
54772745
13412380
20714221
60249090
86465909
79372703
72882287
74968389
57690281
15238297
17802247
83177306
10259278
27334456
62488216
41324861
78936712
86219424
41369479
15868315
-2283856
43245182
8534383
76069058
70306787
54583347
71182742
69087373
13242356
91162942
37206998
95915772
46288955
84130652
42010589
75524801
15976166
51905401
74485157
-7928330
98913530
7481157
25626691
62587151
71307737
61756518
87693678
71429105
3929293
6123293
68983847
26588915
92814169
18731882
53364973
-3850283
91730769
33242278
36341578
23294590
-8350053
7134335
5490812
35340131
45867068
11432875
-1963189
34260654
21147608
34179293
78459970
81316213
44600547
12465193
29705838
17689890
74888129
87524727
71409492
59634509
61171385
-1193676
29242304
560286
51691942
44445511
32619942
78943695
22088695
1229296
46641756
68657138
62639666
30026260
39052440
90246911
-8291457
63922279
52758616
92176966
74895047
9262388
39345720
67013523
54311420
83642604
65061001
35504155
66170220
96727758
23892757
29587714
68978650
51540106
-6091183
21257331
91382570
74797029
4719091
12121228
38488105
69830506
81710675
-619110
92681503
39992482
83781998
26743462
17155929
-6243461
71010213
-3271906
95206841
81597421
81572069
29715375
85640437
61050112
11943557
870208
14095317
92907438
97433964
-8924721
79553085
-5203272
75402528
13050587
-1281906
64804832
58219435
-3089926
-5836242
72252605
63166586
15652546
56327887
66544989
12381177
21874729
12147806
78862867
88076473
28659248
87968125
61099281
17905759
68456560
32559637
-1880794
10408437
45095450
87755026
5917473
33690185
77957912
73489433
32704002
8323549
56081297
18031309
76956016
87884659
49706847
87683204
9592381
95560067
18103922
70514033
60521275
-6087595
73456980
-1566435
63598432
14138053
38659007
59630916
81007184
11724379
43637529
28730652
69930627
24043524
17222449
66781737
10110351
97289873
66260159
18152844
2943289
32975354
81872881
2920897
18385615
85003680
61130797
-4199746
87102931
13017413
97035392
963368
34627877
95291154
14704748
12759386
89008298
15952624
51362200
14572427
71047809
13579917
97555927
68919378
23293412
11744837
5891373
8385006
77670361
-285647
76575021
7956865
70008575
93801610
18144456
12044762
85221023
35316913
35279945
4125390
91729628
31289463
33844639
13472205
85146318
58372491
91363196
6930871
30102539
43365983
92195854
84391234
22753221
76804883
38608703
42847797
92228532
19334695
72719415
71533413
80727558
-3959804
69682377
36837095
96991990
7778516
72335961
-9681787
80626257
9027094
56612376
90746612
641236
90748323
40035920
-2403371
48231231
45663870
30339297
44835794
69095503
93660637
24922386
-8320815
25374119
90889915
95100955
4922581
9852300
85694690
15162636
38332643
7806483
3840256
49765717
37948017
81283369
37782632
34465592
94255700
-8908484
24933256
66791674
51314319
30506465
34197046
92483803
46376943
51617476
53467388
96433207
56331837
3817600
25580189
67910330
13396069
92691556
-5551286
93614556
39289376
9033052
45306309
33275997
21601193
-7452373
16692658
50977039
84199385
20920213
79701097
22392935
41542750
42439526
45579263
11472837
40368801
90269220
29941012
62181444
62162957
51105411
48596051
19708153
33927123
81668529
88319340
39934946
-5357435
18282161
6460387
54537314
26756076
14477801
14986766
80214634
39639599
98755367
79187706
48594540
96420187
46516390
58511408
52821290
21406924
77369202
-3318319
35361302
85403102
36713409
97157150
40165309
36209158
79969612
69800208
92627731
52403006
6666934
84016670
72397420
38208932
28097981
21563908
29861439
25833822
2360333
70667431
72240830
31332448
86558785
41781688
60343005
64603207
59858394
98778888
84530086
63274801
46671063
15244087
55962321
64158126
62473188
35686945
2774468
-7239951
36689852
74499199
2494369
1539185
13984803
67483779
-8475615
-1106749
56240370
76854174
67937797
10150376
-7524002
59765861
19500201
31446733
47206663
16857945
20538294
-5551183
46195749
4043605
17491909
4488399
88688494
59144917
48977260
53017549
16203177
35300354
19135593
58072794
80897295
71066341
59636079
98715154
4190717
17352398
32457734
43089129
58671066
27294354
-3509646
46415520
87888988
62633370
57436324
9333363
21926310
70549482
23972358
30498659
64059484
77999951
3355581
81784868
57777856
-3939006
22534216
27138164
82422259
74310601
16239752
81725655
74941291
93642732
81591281
81079427
-7282041
40076762
47931682
87026624
10281261
85780858
44605365
21544964
28302606
29409156
-7114141
29496685
49260510
23291004
50890049
11017523
80339034
4668096
32218058
36966882
60272028
86890614
10882308
65433461
3645214
71547385
29220411
45101080
10314286
34892603
-1592342
57767217
12555909
28589032
-1892375
52603978
49377683
58070882
18511658
93121686
80809715
89870258
77710883
74580255
40380478
16357650
33436033
-811644
66422020
79105668
12340446
25356476
48006024
43478422
-6137276
-8667059
66515140
58208483
17559355
-2954485
99984160
60796824
49840753
44708404
69298708
88595123
65489441
89883242
36435628
80584066
82759664
80159514
6193190
58015543
91935113
76269447
3927763
64300059
96582917
68101173
43682873
53870782
29430116
51842736
-2797230
27445746
21372622
-8131881
26176158
9430437
85527382
125065
85395636
91956220
32642489
86463432
22027711
93231610
51118363
98812990
68638053
48749217
5844841
55540549
5362496
69377581
13222760
61929404
28862662
67854224
48634741
13447927
45355744
31898680
92339348
3193458
98608818
88320089
81425547
27343418
13993557
92638124
54009825
66685246
66697056
80548491
90581363
82039876
87479872
47707805
70457615
45363394
96271350
37216642
92039787
500927
-9267822
55673608
791125
13185098
69502592
67755203
-9297025
93412492
31980009
4497687
20004405
59303702
57778308
74120428
48465375
18151041
10687469
64578077
32921282
71006630
30991511
54626430
15259264
90856821
78562876
9948566
43817178
22439978
2346163
12442183
32930791
72631453
38144660
32864887
19342556
85019695
78786553
65002787
-1275469
29614767
6549585
56652214
12070768
98717018
45138684
86979428
5115409
69887430
21725391
52706263
49555286
82699374
-8181500
75551382
27129666
47641355
9941091
2107906
-3870143
77706813
18643168
52501778
74835371
97279132
77889736
27239735
26495008
83654542
77647241
11013754
1120099
91296672
6314732
86613605
85420987
28489777
90522170
12214736
50444010
59170950
2551109
50810624
57540410
534999
48314790
12441410
11844933
60896822
81028009
2105165
60128789
39726887
39694516
83343073
99900080
10688702
90280323
75322162
93590620
86359173
34502805
44192695
57790752
-8022404
61932270
54972050
29254705
57695582
17039909
99382425
37163869
41724056
31963216
-260578
95415892
-1176669
22640606
-2803157
56191382
21657777
77109640
97547967
29929605
32988527
-3900691
47512882
97794855
15078129
94068837
58282728
44048748
49809207
18471462
52256942
81047749
40880045
20974018
92711559
50655514
17816771
-7147094
-2892493
28033775
94425112
24729118
75609473
25742449
64792092
26017930
61914527
92050688
52176145
38222172
13561024
74607838
95135403
80990281
30224435
7617704
84699563
33385300
50505010
-9856909
45114965
87293263
84646393
26248361
52157519
75558680
72726994
-8244408
20139266
42227352
76542428
39621017
5079020
98260584
87347562
85434038
-4772211
31291425
73655987
20131677
87253272
15610322
11515068
14828227
8644217
67829486
37417920
16637054
-6376436
3551342
80007947
-1807459
21266918
83701488
13309056
99932400
26301022
39358798
47279671
71365747
89995912
64252811
88996871
48549688
33197561
59862876
37167084
26126335
-39251
25584002
-6063873
60795202
44305857
32756660
33532222
89233219
26152298
74958204
18286145
61516021
62778764
32909569
62247655
15880148
25620341
44784374
83576060
48359956
34245686
72687015
76409459
-8903100
52984170
53107446
19012469
86005120
79931370
17465301
90164523
41227853
59542809
97916780
63324827
41026348
96985375
47657540
99500215
43750833
93275663
95129344
25807864
35720990
48561448
-7581018
66915504
21309272
-1523931
-4646454
54814999
58527540
75490751
22480789
26342940
58063625
95586178
-806958
88419649
97670738
57396093
86241837
78269892
2699050
61603335
83606427
29917244
97726209
11809269
20689253
62630077
25166945
53747050
19083756
79982346
8929821
20996864
6144236
32839342
691095
82480496
43211130
92678449
52560606
92578276
62459203
3212780
96715773
78566931
48608601
-3991327
141880
93380266
85267344
97294920
38430302
42080226
42346781
61922592
36364522
25027167
43577595
3599921
3530217
57343004
76412903
70352580
-7725572
429608
73916119
40552577
74241500
38908627
70665491
2261444
65118763
22837154
57674878
42410233
82414658
29972894
37004531
34798821
-1951900
29426663
64221958
52046096
78426424
95643833
79042656
62177812
63152371
54085828
65023357
84121206
98815519
76171123
68219416
9914808
32887782
6426910
1902382
84481835
92842897
86481480
6084017
38140785
33346287
-190806
-6972398
28830631
60184256
97435117
-9198349
92068467
36254407
14991774
78149476
43745498
44440549
74937396
-1880791
-4535003
79074828
98146043
42824590
65262073
19901597
92217086
4651066
3664668
63631340
-7588428
-6345811
56494641
312580
93910007
-5728715
8326595
24982761
14287689
21418882
17868212
54018776
79103634
68963739
83166558
52633571
92077993
73334416
19551155
91052608
64314415
88744164
59476330
28556417
41053997
34872630
-6998150
29516204
30635272
74979347
4782831
74124652
53766322
28730716
57597128
35823131
-6870102
75167918
30612324
17888189
82739017
-6082250
54752384
64945487
83537748
88689110
67947829
21475520
20572094
29405973
36724508
11880276
9953642
27512612
-7452645
-6877340
65816385
2406368
73942813
30074042
30484646
-1365256
90300252
5202219
67488176
78669453
80011196
35985684
44156055
94701292
20417451
3850876
-604672
29444119
72285899
13948644
89386865
-2773772
-5618700
71905592
25075947
37392004
33923947
-9442766
4645367
596261
71671719
87858811
59803156
22168135
98172122
72844512
90559353
88828034
94555260
91423445
92253425
75036121
31965188
28393737
74079882
19894934
88216287
80029236
61517032
96612942
12186218
15359875
84003473
15617291
26598119
35049946
9522151
92051838
30682768
69927988
92253815
69438946
48106010
10897102
-3319620
61843347
92512824
11828370
23607613
-1687583
64550535
26849619
72628459
15571661
-1126620
31213495
31483177
-265747
36317310
91915738
14747296
28647064
48929062
86376392
45392767
88859383
58995875
63351178
1876001
-3970550
97956912
59697263
36500767
12909525
31117588
-1197121
25431173
17430897
59451613
39893094
74303334
96986111
24451591
93514357
97426133
-5642276
-4209278
49149069
1373710
60096080
86291358
87208911
81842499
-3105132
35561567
50147186
34718928
46094890
14041167
87660299
3486965
12402335
17725293
17226286
5363106
77844904
77985123
12742310
1978771
41875139
71809119
27040603
33659833
98203121
75747839
27699892
52287811
75166303
93413121
1539578
62314429
-4229949
24671202
14752437
-3634780
92119146
36433280
62200453
51141418
51645601
60026001
59464183
42577572
7474132
31657344
73493801
87366139
35936123
29402324
70346738
21541928
23133906
15289493
4603364
99423112
87366451
46037078
71861684
66882264
-5000258
38675016
36409601
84820291
40621811
94249355
70272439
77429270
5175498
39701505
22084387
-9502878
68056120
82762135
27777901
87868384
94801538
71064220
91534400
58917821
-636885
75764512
-3162662
88523173
35491957
40449085
99531128
53787328
8190926
26844928
60695179
59280811
65149941
27729603
32870774
-4446080
84372075
66866368
11419110
73474124
35520343
49737193
36295874
52844498
11835372
66037173
21052594
30513881
96224983
86011958
54144702
-7395166
32935138
86977715
69318723
99825252
-6127896
92032120
54319837
35353220
20845747
78245599
46006189
78681638
16523162
99738605
83382278
92707430
7756913
47448931
33137821
50372279
86950488
32744872
97296630
6838867
74234716
32953357
38487523
1705845
96437294
2284029
-5355888
-253636
82153850
91495007
24454211
66383464
45257356
35045182
76997191
67519055
74028547
87408200
77756261
73450378
66369302
89380467
58008479
74179344
78201757
71915926
48806137
-6529705
4570559
87077196
31903503
41029903
49775026
27974914
54981876
12117211
91802649
15624295
20692010
42180611
88731511
37955000
24158320
61802158
89517284
24343242
94616323
20390831
85034991
2169834
14069828
20869770
73960197
85145094
2822899
-2729726
62692107
17945049
23069934
29125388
34374390
42424878
93001301
13054077
81112527
72967395
-1952550
-8910359
-7611561
4542077
68115353
63079893
90257358
51705711
53264437
16079968
69499952
45994793
85671912
2483792
80487273
89881818
89545532
97863807
97126212
29423248
14784890
12373163
28820820
19558960
-3923236
86395885
48022009
41293941
16417619
6554748
41950334
69655523
-9102834
-9691247
88591640
6082051
69311026
37732050
76823330
24573472
48787257
77442820
36120811
84930867
33967110
76292996
86028550
35978965
87311704
57310583
63813205
34936622
54533241
56935468
62462877
51053232
10477244
13059355
53861394
92942242
95042680
21689452
25551707
76345762
37522978
91930595
48076736
52067097
19880421
59040905
70082695
73744851
14183993
18417307
58084502
73720258
16832535
6276296
12075765
11985877
95651130
-5476087
67945180
12169250
14588033
13177744
-3984222
94451506
47460164
-7358566
40950710
70447615
41348033
61757335
99554494
96421004
26502415
9211249
80234795
3362087
70948551
70522071
73879848
20076605
51777644
15608483
84820449
96653163
65477808
24484261
62185805
17605650
23318873
4299340
35844877
-3020973
19735231
6838548
82745782
19285400
-9974131
3784342
74329408
80151183
87826945
90844453
23780679
49714863
89877180
7049861
15432415
79999283
95928135
-615676
48048271
94941426
50306085
1963524
94578766
46547675
42158782
67013343
26533169
75278107
10021777
52501600
45248188
56829987
4125688
52561477
67453638
63253701
-2533771
39786104
68358299
54911257
11834859
99798995
74700421
-8750387
3242152
49669635
34553711
23653458
38293740
33080768
25315287
54549524
22333350
63827791
18670412
82239578
90667296
25205335
-8591637
23040525
13704445
25715157
77378457
32713974
3977477
75221220
30121927
7694424
42479350
26605277
61718460
45133522
77329455
-4857184
84978964
99644967
96496680
31997850
71375395
53016852
52338893
45954314
24539571
89904460
67490069
-4227744
67884506
71897167
16577914
25733926
21932820
76620316
-6960983
612695
12441022
49910617
99373366
34413599
15631880
81850994
34286045
-4308543
93290951
51070127
11967417
75190607
94652225
27773526
15980883
83654268
62229663
80524324
87147007
93691770
17749824
74201151
54552494
6908600
84804263
26580082
73445313
88868589
13107112
58407592
74011822
31440692
66390333
51006559
95376797
4485045
61734022
3490166
44401900
97258963
71668756
558062
13452938
41923038
74163625
83712676
98067347
94751917
2068079
1203980
60193736
17105420
-4628146
25717912
32588923
40217768
45913106
5614581
52864274
18316389
65747125
71331882
52781584
73538022
39682722
15880166
5283008
-4969910
12500935
89344490
31731061
89410237
63789268
87418371
31332210
258343
9619870
85357243
86548562
52544622
12337429
83722904
62049261
16609766
-3775852
24926065
38662750
89455290
-7526887
29537565
89778193
77830003
87769201
18426578
52346539
92835133
14650854
39682799
16446568
87319441
62903552
97531849
49945319
67901367
67444281
60013064
77197069
26672680
58915233
87850943
10908412
4519255
-263470
55675784
16512511
3792059
68858835
88296031
85897225
68576497
203663
7805773
71705925
83817574
10869398
59262710
21926541
-7166906
92261173
65234249
25510554
21279663
63845472
89313717
42210575
40136087
14371886
74432908
70243331
64423617
66557300
86086505
-7476091
14197794
19915970
5375302
55488039
-680165
20064949
13837963
84197436
36131914
8130154
19464250
93940360
33699591
26807385
50462283
75465878
93424243
93154629
32702012
90773382
4536904
75341190
56758988
98007294
92090707
25731689
20202720
92305127
56665736
50069702
35837602
24538608
22790732
4364785
-1776241
5840782
5471359
29884698
16076800
90557651
49236815
79653314
53107869
-4709601
19677676
16937585
81585812
3327447
48959585
17404696
60659634
81019120
-9284834
58386752
16978996
73653255
22108614
-1269313
88027580
7949477
27166727
47139134
7867752
65573312
42568371
98296255
49452206
72331205
15550020
4806944
79664391
10455331
-6956681
89108773
19061059
96444563
27499420
61976691
72538778
19428574
48299582
16702899
-3428790
32399328
74108693
94898607
61259030
67421080
888667
54353665
91132068
68533625
7650030
21061392
10629818
54377032
34355005
16230533
57483510
47699663
75994040
70517011
84071916
60806073
39070073
66301178
91973563
31908998
3074838
-6681559
25261975
85102755
80184365
74455351
75200148
56368113
62283703
52640119
23560630
75329929
97569497
7298341
43669885
9984058
81110132
-4586184
59109236
45614285
18392566
4938765
92791638
-2762018
92377062
97275498
-2835997
22143751
55183854
38651553
60600337
-7916876
86037652
92985255
20559626
63597297
68021639
56182241
89802974
99040318
73862376
19209272
45250840
69273799
37050679
47413876
13571698
10063043
14379477
2980458
44653534
90335866
68403656
89198967
91566672
83289707
61247465
90618412
86732855
70890696
57633293
40012926
-2880180
95828536
12672500
20517078
76630109
8669401
42291630
84266597
42442646
5259895
96698849
37182516
89217090
92008718
76581815
35228674
92948372
-4427928
52444544
59056079
83673615
50446221
59233126
19678134
48252018
40452579
86012016
23459414
63955379
-5499447
33940527
14900897
90648155
70645587
-9503391
9671449
65314496
57180398
80245760
22357555
509490
28351378
83088882
39673417
88742172
31832377
-5277688
80172637
41348752
9368205
-7498704
63480245
8248550
61524670
2417880
46410675
53569564
70049648
74531190
32102552
-292694
38885120
2289619
27747711
49321866
31909280
16010919
90088807
82837305
17587871
96637834
96291193
80858990
59733364
80203947
33984906
62402669
45333337
90626879
75209418
77123373
98666553
22236293
51916506
51343991
-1929699
76354642
69211972
46844907
30567431
92806744
51415612
22477342
76600038
66313002
34638384
17890611
1317041
15994561
56723866
43617937
24205510
-162172
37921690
-2941904
-4787150
16001095
55443353
72202179
-4016333
27441309
66365961
63227464
62148214
81969905
23985255
15556752
70177110
9757377
41157158
88833714
19195413
7370895
87913666
24629467
91108764
24295715
85745282
75606998
708565
11910023
12405491
32463635
37931411
43715941
46919095
287798
69993263
7752447
74944838
16713312
80579459
83211381
67160165
10852120
36884625
48132706
12275329
40647058
50667794
4209257
-9869960
40565755
60107109
4691987
71448151
86151945
98940485
20728308
29393912
90254917
599886
48754812
364323
7425945
2120030
57754366
29676048
8113012
84049760
85903721
73698893
79945994
90828042
23852877
19627802
18672743
59684129
15730145
34055067
93792729
4069645
-8646190
75601409
58660317
16067649
74014019
26790379
40664401
6078166
46535798
89015148
3238907
94246617
43688210
57420058
86414369
22678475
-9174224
55772045
82892755
42372375
83578785
31506923
30473620
49303380
70675693
96519564
47650518
48239645
27433864
92257075
45028669
41794054
55845193
19319990
53926014
36149459
96183933
43799664
44801123
9268370
-5491938
27118339
25693230
17212526
68989243
69160324
9144037
58293434
44092328
1506929
14950130
72448001
72318289
20026093
2617776
13183796
69970322
60110165
33431656
76437827
2372326
76782399
82142232
24417646
25485080
-5923224
87129825
53254407
89052309
97785888
24285848
26865791
3410701
6177581
10891537
34164659
14382508
49682847
63211871
58269851
31815548
51975316
18387661
7254331
9173475
17779081
16403356
6607630
51846800
8125344
-1984091
27241889
31902613
-2190696
58900829
22730093
-4260438
39142988
42167466
31897915
25706987
-7673291
94345638
32815210
53990061
50310455
68964095
63980045
-5656514
-9644408
94084827
-9104150
40749645
35156732
24237106
3833697
36391258
7045476
5726084
12892129
11296065
-1202907
58498969
4236099
-6120344
7043052
2127027
63087737
54795768
93417929
52530571
8926582
55104091
4877305
38407454
-8767439
98544386
94536360
18982716
31683172
41594196
35789504
7406034
35366275
24472274
66199765
-997938
92143866
6412506
6207041
75731922
76338314
-2697223
88969853
52295406
-9577868
55481998
5693782
23721137
87477736
33105854
85466396
75020150
14862844
84116056
26110692
72257439
58330123
26450810
60558317
9565719
36677527
84864888
6576888
75581863
24664497
37259713
16677585
67290259
-6742402
33892606
57802295
9607390
66905301
58183894
18271380
-2186105
23095672
20305220
7316054
15843553
98199433
91926875
34242126
10560582
-3029541
20145502
77048945
80159196
16668583
67416539
27132319
9859246
77853377
36215201
59785678
18076620
98845765
48753542
7124187
28407827
-9982003
-9743781
15480654
89341465
26871304
79937087
46663497
5324492
26392897
55369837
15545103
12188641
81740993
12875886
55604687
76825732
6649971
87887388
5668666
97546476
27718361
-6182771
-9856749
73504675
2641071
57088292
65784003
57710518
32842514
85876064
17806426
56475338
12363066
62702865
95726455
12663275
63337307
15428283
34031321
88141666
-6844727
30675297
5936644
90030759
27085824
43538949
72664226
76858759
54280242
83526401
593247
28204705
20239813
749420
-6033589
33463230
10313482
62750418
6668975
32335322
41376068
78722817
32716541
54811827
86687728
14183280
41521243
51484674
56601101
46710692
26302360
11104705
27878815
17776458
19208568
85611847
7657780
59018588
4805754
55105659
58946426
-2376695
-9527852
38572585
24701730
26601358
22073194
47558049
61874018
329135
18036065
55150627
68693051
6090438
58105927
59384148
21198017
85103008
93592763
84737534
23678602
55904911
87474568
50298194
62364724
-7496853
66472101
30003397
52193557
11234478
62111260
39177342
32030613
-6901508
7739811
-5063804
32286709
7191654
54204466
27149230
7449944
24142983
67882515
81379181
4491183
96365286
28902187
23114119
-1214975
54099557
49349887
4896988
87410229
7650029
26532449
82464964
7541369
28412033
64780184
-9171332
19472725
50960657
-4324242
72312123
31658910
18122382
44880899
9041759
3129502
61754491
14850343
47720008
44652092
68762598
90358862
7025747
76978977
11120455
96799000
387344
28594686
16161505
17667251
45949970
23427135
82849323
96275713
20906679
41954199
9361349
11934256
46699246
47541614
30015617
-7142010
49935181
70495399
16822427
-9367639
62113636
35166285
49142209
95200555
35585604
38059843
97337871
78970571
38918282
95288440
41572676
16325152
69745143
11487742
59030773
68027368
45249146
-9833636
72357000
35812000
85754611
11380210
-2761771
40537242
9817814
64755420
49088579
-2436324
33142024
23639801
3629437
80511125
92739676
66999546
19045382
94593561
41806895
50801987
1939761
6061483
96721340
64501670
29680905
69016196
94906684
40352816
7850848
35194877
22569685
82151979
70935189
95409933
30843163
70123785
7471336
65907041
17022745
57947764
-3790636
80075557
78803704
63174107
3753833
48036507
28674999
20064763
81324075
10177133
92541669
25353776
27774362
44984189
52617908
26926404
31354723
85081911
52344885
64946861
26326671
19304331
61128919
3016157
40600988
90321748
96950479
27248650
69246462
74268667
1467438
37908356
80119556
40308055
61130369
40358661
32397981
24134920
90289793
71753231
-5334953
50682847
78709896
98761361
22555623
10972802
79480052
95241197
-3635250
-3822861
49084404
38914743
63655270
42893509
33551462
18875691
97045889
69923897
8123212
40579101
2007257
96394297
56376672
57794697
77183375
80267128
83867369
59055342
99728470
13411074
-5375427
92498716
4525413
56517401
33288533
75567015
64772996
39869004
-2749464
68973618
14275973
6873084
33612378
22120949
86454063
6779750
30133983
23419251
3582063
72023282
54197154
44018426
23030676
6294874
74183794
40913341
7738181
90756160
72922238
6902061
3401018
90369662
8646482
89021601
18050718
66277384
49414188
12730083
55062137
58795203
74715195
39403444
29289173
-5613446
28081463
33173855
4062541
90496572
42466186
-9900245
76514340
2909977
70219735
47978199
44520783
35688735
56968889
80326532
9064308
39958307
74764944
26318431
4566204
-5352793
28368035
94324907
61964771
35406031
39785782
77586137
28085187
-9612055
29638913
78814898
-3051975
32937750
18148478
36051970
54226496
82267836
96649913
35692735
48058800
18440303
21223186
90777944
48131017
22835775
54440017
74790226
83795758
28448346
26225188
51694598
88217862
-180396
11850162
37386978
26228438
51684297
66174697
93464144
74228923
94045555
48000703
91569777
-9803298
38285220
86919358
74390312
10527045
52237010
66412275
34469736
2938985
20643029
34770830
86768256
61597752
3341559
20776698
46008602
72404488
41082062
36786955
-4903318
32585904
87469946
20477666
13795528
97678207
45710128
65504059
98376922
31620829
25256657
32063546
14894690
66347278
63763196
42722278
77880416
90114969
53474124
33051330
60443464
37260518
96827405
48778470
57514600
3351138
-6717325
56072562
64777949
34737999
-8767124
82136942
84952904
10966966
26861983
27692693
52432462
60430791
5113621
80385487
9355393
-7682630
38260907
83727798
53869497
-8059458
77145120
-9809076
37495607
81603923
9298171
12311183
644491
44888741
51297584
51503049
-9480835
10888426
80940769
57883648
-452420
-7243146
77011496
-5669144
-9463083
35707182
84317846
79581065
36506301
71430646
15305261
93444077
80131041
54090141
68770925
54207168
38518323
62290140
1263020
28290702
40516204
96611218
8195710
86218213
50060253
18294519
73299067
61901998
37139728
62477078
50551883
61467172
37166453
93895674
28737263
3150567
2780116
19296778
-6821152
40414239
73530209
77831511
80577367
21139605
59158110
74554192
-8764104
83769396
22176525
8103928
56705777
38328616
45777301
45703429
26009858
46987528
28060946
85453769
17364430
37025193
19598951
98746936
51285532
46110871
23480076
-579140
72424690
30606973
9045788
72916289
57217524
6223048
98122997
31502570
52971634
50847567
-7301985
-8738791
24678775
30717384
90220907
98096071
33256126
6430
37710065
59009929
7808879
36318132
44685547
7209450
86967744
24003790
22831342
2340172
45411048
44505
84056694
14779883
57179460
75091723
-9346548
5151596
33905240
-503928
9609820
5203957
-6860300
76879607
93275864
-7917355
5421275
33354355
-6195675
47368543
93704111
7828646
8748378
98193512
83253503
40879452
58811001
21288961
549626
70659669
34758235
-5629603
69282709
69937755
52483937
3722977
33497629
82711446
86921153
92319546
56253023
73602298
60838560
12033965
56876995
13302237
98925460
85717010
-8385428
76582295
2794317
-5442031
41067506
92662997
94932221
65244223
43367114
49784445
-6029905
94712272
42432181
33953102
36496446
37393120
85680911
-8871703
22730537
16608653
40809933
20026147
50159932
1803825
-7416498
66351993
54072751
-4326640
38390305
9930208
23689682
50606567
76923433
41629240
52517839
55167366
88856048
59020405
65433211
7985379
39654648
19650093
50992190
60281067
65451497
63166486
88249583
3009165
95280005
39319746
42896256
12878707
12549521
-7376417
67691696
50644037
3234062
75302994
71399791
-6761785
39678017
21419557
97581525
26658420
82577391
69989103
46321947
32935567
1672045
63554510
73702826
13653491
49513507
39593647
7368290
34344766
51589010
55803559
43246638
87492021
15006042
54617815
-11008
3467384
34779518
67509375
79219638
75195658
7148509
-8073002
66194972
13492397
90904853
-5739581
69220658
25157735
93993434
71479941
67308818
9491084
27575559
92585540
27855943
87328715
45989864
98734088
72705278
-6720573
-7942964
24285094
42090098
14566901
61264941
80034590
1026786
52190156
96166135
26668483
91492430
52400107
88890907
37651852
22782694
62014036
62389925
31351352
77133453
13786033
61277250
82454914
36321919
58932777
63844761
50034009
58494012
90468879
69173121
82425089
91821731
76708242
57288771
71367565
4777338
8530752
27172001
83172770
30452356
29167973
87950050
52314356
71641158
16968466
61525093
32966787
83443183
81130334
-1848357
71447162
59885466
28373357
-6248639
58458362
18027300
33487378
38583604
8615287
24998419
76370474
94089112
23196729
53856920
59722406
19107925
25722767
93801315
66246073
-1209735
79023683
62118018
29498267
19418448
13745610
41529637
46867264
46666153
38976836
-1362166
3456105
19636066
39272005
24584012
55874418
51950187
7188484
30291797
-2131166
52855537
56423894
37875411
-7624794
24887448
37436530
89781468
73925364
25785768
14896825
98012172
90651012
42981087
13364895
27324403
61668358
73106770
82675696
-2239708
41006360
98522364
34566591
77247212
543248
-5491030
86541658
18880703
-845592
51066537
-3627048
-6518841
85119376
82359974
9730239
832490
87610426
36910412
96906203
34017119
16994280
30797536
34833970
20393741
83024116
-4572058
80124571
72374315
99135741
8013452
81604757
36124589
59165352
6792931
70341024
-8990780
60586840
-2696720
77139509
95550639
65974786
97551898
38810158
91727286
31918688
50456543
70918961
43819282
74139343
41822042
63506093
11623052
63808567
53139409
40783019
64852361
76697820
66483411
90142429
80374691
28030198
3195656
31681320
34101497
90464301
2194802
52463818
53819911
54407097
39892725
62759325
17852885
4560705
85909367
65091094
28348739
17338897
1679270
85435131
82588076
11246736
39801760
6190301
67838419
91163145
68251733
27317153
22490275
91963168
75324319
42413742
29226437
18230692
33751924
43184003
-1011767
32180589
-6209041
-8703298
1506354
61129325
75768573
53056564
66467759
38945260
85811741
30724338
81729201
31274968
89556993
15897024
14074445
52420498
28713325
-4897523
26023679
39195191
92889002
31121538
88119698
41558718
23076328
75343330
14692997
-5422741
92682597
89935812
14916542
67179892
42043080
24392225
52940968
-5557258
-8772940
42191959
54208478
33618281
19991400
6563618
95750514
16404019
17585567
28861076
85130444
21015710
-3415514
81941272
45976606
44706797
25803264
-6911133
81587788
-8437251
2011183
49843912
68638624
-9409464
27030753
70953217
70808211
43335441
70140582
48458197
35719100
96502726
40403510
97755375
28019931
52365076
4239803
83484092
86685792
29589626
66667851
80599561
34439705
15829670
56914326
30342275
26170789
25726862
5108991
63204809
21546723
56627070
58050759
-6580618
80304627
62178713
24941091
68540667
34206569
36100939
82573126
50065715
12567251
24000495
12021718
60364297
92607165
98869002
5887193
93164419
33474488
88003911
472785
67695463
14239098
-3710115
96510759
72287602
9478521
79280549
90803624
22355389
43477650
20466409
58239984
69968444
68221742
21087829
8586260
87253334
76434335
64031152
18101963
41030367
-6830898
39198983
28005480
36241093
36634706
62402988
36096393
71820162
98512588
41609503
43629654
77193786
50262166
74715126
-7883656
36035027
95185909
47492551
-3225931
90679689
-5507079
44321065
15480698
91273262
14130400
70687486
80613531
77596021
619124
27031634
55979947
122506
52384953
78321764
-1477974
56234811
66514855
43252492
97719759
76591201
99861779
90264816
86292202
33926715
77265705
24401673
93173548
5790852
3777236
31860379
77349940
95733895
88329782
50176848
74197604
-891560
43487408
1248011
78072734
42230222
38558735
29827085
-8899195
51978007
63601375
30955365
69983926
57256068
53998525
74097096
46741172
73682050
24736549
81994749
53016314
72138574
77731787
29234330
85004919
85746322
28666524
87134129
14362523
15355693
80284314
23000375
48607225
89547251
91724298
57313190
12384013
18372913
34944646
-5838771
3682476
53435552
68415377
52638107
-184754
78661870
16568415
96900819
53690340
41058472
32634218
88405260
24662922
23498816
87263925
65662370
65587998
8145585
65009343
77550818
54060490
90988186
15542634
20850696
88281609
61097602
22790464
14719121
92970707
6836780
59654770
44052647
1117502
98279549
16596727
18253782
26421099
3678658
5055075
66945088
5540362
2942234
56123893
8692202
-3738312
46832590
89393308
16401486
57465579
82654770
28869199
8161693
8399918
6301514
54830992
32880263
38585591
-8613460
39162169
-1939100
23022390
22104350
48801725
27120750
58482601
2414116
45397340
34878850
95126648
30090120
29227536
17480026
21690833
54542081
3761382
40565242
23212694
60310678
14597187
88088775
31358378
45809197
55445996
57358041
66345610
87926954
13019427
73050273
77151777
76492406
14567137
39783848
21047928
4098835
-4392321
47020794
40287742
67763937
61642620
-3046342
-7255740
68386773
35403431
6464962
66880461
48354132
20065490
-4283972
-3742761
29137879
34578985
59197491
94729471
7826523
73392414
40268538
89345382
65192983
14120857
48171548
79940522
26206533
41997128
26607835
-5019559
-3600955
18548613
8774619
65978803
62622978
18149020
79038474
52881826
17284257
-2875626
48768138
83801061
19611189
24686728
76576702
43738276
-6491040
-4223078
2001358
60404327
50670232
74492904
90536363
96757579
13688557
-1639823
47069538
87921902
52694903
47790222
71419200
57457527
76022031
-461823
50156089
2866743
59773006
45714410
8570059
24559334
14701280
25229242
52625351
75962733
19260381
46839552
26593812
6416768
77240522
64315629
29662940
24091995
3362449
76435911
27734157
86142783
56889311
42663802
4471660
94227173
62344458
42171291
46393991
74169774
-8201045
37111500
55980748
63107127
94295378
46493575
-3560377
50623411
40106335
84902328
82098697
57718074
90256662
47684123
23026925
39551981
4896084
24885252
99230210
67720027
75952197
98165761
97664323
41789766
83054619
28433268
-8372725
21236625
30967019
79660150
19395490
14792801
34871665
87312978
80542540
31185941
65444479
59330291
42911102
62805625
48069503
54679371
60745430
85724290
55440016
-3523949
58248970
22720919
41986206
48840262
44983481
15284377
94832688
21648453
31666446
26358067
89623195
-7302093
44711049
53251374
91585442
94930488
60256333
181277
93300744
84984108
65553456
34911149
4287038
68073051
72499133
49304872
7834662
87966766
57774984
73029834
16136801
42116282
35109258
8186345
20773773
73217215
13584194
83854828
20846591
3620190
61022586
93106793
2633537
84701747
97818583
62236043
98776675
79005257
84270815
40576106
88201857
90164149
22831316
99804794
19200018
11302822
54019625
67643270
193204
26655204
38887514
40322488
93744959
-7819470
67766355
50566017
29805309
48885325
80566797
52654267
-1369900
25348283
42029999
93648178
1188954
-375831
16232163
94022541
9888950
-6385522
12047315
63015366
27228010
32589420
42617876
41758798
-4640367
17723657
86606397
4775029
90337691
21040446
11696162
-4168064
16404694
99245620
-6560122
95176290
20697509
31340843
77563244
9302732
99769520
29798765
26964568
97939413
38386445
49072414
84604505
-9058027
29761198
68967905
85020191
76771551
40326748
52292114
31071824
-6711356
38236422
4560793
11584752
41671509
37248978
3417548
74103341
30988821
76954843
62791348
93549124
82824898
61539548
79346214
14738406
44014480
29931691
17635835
36544814
86492639
93515144
89833337
29640098
39805868
11750497
40483322
89354522
84802685
93993055
82969191
19032386
90968517
78445044
59417506
22720975
4129203
25939924
-1656778
80360766
-2125865
-2918428
60370011
47056360
50390460
27236465
62468022
14401065
-9269850
66838544
30286359
71099173
12930517
6005847
39915226
46076529
-2033190
45282216
94050392
92575854
89825329
88170537
92508810
95415921
71714922
99744766
-2054746
99796701
24459145
40464083
27907834
40324656
56584963
69528960
13576461
58909095
-3087799
-7391513
51436311
29977056
7634312
91650372
67871988
95255742
2713095
32964340
-2455094
59695523
81957127
61310177
-2686489
21493115
-5900826
73092109
89756858
92380470
99677581
27103178
17030935
78285901
85529773
71333094
84038396
12762637
38132960
27989792
8295121
29020181
99342501
39334572
58890673
94028269
71141195
28025757
44747774
43505889
39178640
30324701
-1887272
17260362
24243819
63949610
6014401
66701544
30077918
66143825
84500516
60737477
90456715
66029618
49082615
68583045
72145233
62211728
97241256
20531410
35173947
71562896
75424240
81164492
-6438710
60101822
63053671
20080925
41730952
12169411
93816184
46116439
53603400
37414553
25937267
59721651
90730032
33414533
26940816
81575490
11005288
28274149
3555138
10613194
63221280
26126906
38295009
90233436
70295611
3764713
-438570
-4328284
94182707
69980825
49613579
71844374
189853
8364985
-9771601
45154888
43686798
28841474
83885550
37467205
-4080875
53042896
89585352
11577715
38802627
11482149
89232170
56404244
89647020
75736840
71987429
76275402
67069469
14562821
23059209
51259822
40278246
26283396
-4987046
32886721
71691589
32151717
-1012279
74148877
23814289
49885005
59627525
88151686
44009826
74377298
64608789
41879325
48808921
58154055
32663329
64145208
57992861
6191718
2747833
60920407
58008197
18187620
84728359
72871136
95454552
88052469
30051164
30592738
-1094665
84443709
6139839
-7345175
61249274
18765023
4377853
5186047
50475803
3338833
15663522
62389205
12041069
64476440
72063738
60595507
31375740
54006499
65964617
95198422
-922848
85888854
98601139
31103743
71754874
67629187
47640196
86812576
94794466
45106724
88793718
13153537
62508427
51084603
82674554
25506392
53310707
82963613
64248818
89113271
36976486
93256838
32755103
68130747
37026163
64938041
88501171
51888666
24615132
86761462
43493617
81093315
88295017
87883823
85666709
7700191
6911430
59121261
48118052
68634738
5966689
48915268
61152453
78096245
16866950
25408301
51208664
63637897
23233979
57434582
94590909
-7158012
78400480
86128128
16323001
23828784
16349973
77014293
18794586
60172035
7212279
8737019
26814973
15436060
21262080
28984247
27587516
62003789
95796776
6823299
39167790
70769775
42690522
68012250
14623887
77949077
98889868
97179319
19021439
33686593
40743165
26925818
47719757
-8441570
65904174
361255
39558631
25537950
96221204
47863869
71702370
-2780194
67672449
48077410
10868542
-746362
98045449
43805622
89079794
-2401930
-7915522
33382916
91675320
37299759
23159928
68320962
24286347
74389605
88328229
72237958
77423931
61714541
24358056
-7373003
70828004
33429162
99546229
647367
34385269
87573943
25737807
70025667
23750389
30511418
93610906
43600427
37558270
80918622
95541617
6655196
6767180
35436103
42522641
-8041202
43676570
44374455
72852738
81335557
28703034
20955412
97870287
89807335
72605679
8436266
16113813
30911811
-6047097
7254531
34004215
54377048
98005451
1387594
39947010
86807007
3679545
42084420
52230918
40635297
60896398
-7722226
78665702
48665046
51712404
21158055
59760141
35428355
38983902
4558761
69070197
-1967009
32123559
98463422
35319276
75477946
-9446916
7021753
10667183
89237999
91399943
12723167
-8967327
50033975
-6892515
73523248
93954348
65450587
96453948
39893686
83633671
86563676
15122685
53619522
-5129611
51058173
45060359
66817793
53256139
50575881
30895854
37035530
75017224
24891325
61955440
70799825
4012492
83024736
76449230
33962057
71805535
52439634
67015456
60413094
7634859
-7497087
31882328
65496874
-6821332
81641816
52227699
30376225
54823561
-187208
-3501780
81250521
82855421
28056517
7328789
-8147381
-162306
64477306
87139241
79222682
66349128
-9632648
33174452
10780872
78240780
20970675
64406123
76117813
61171061
47992431
1901328
39252268
29875508
19651286
30146221
12042310
27620212
65361140
30896829
10886288
79531645
35176275
27138230
69340028
80149607
25587958
75464840
76305898
17400258
44986563
21083165
48496949
78112615
44987246
61961978
-9023433
71851919
85661109
12870411
21792967
83119694
40528413
91994477
81707332
82168795
-3387057
20310876
25341182
10273188
20032110
49506091
38179525
82767199
11262774
17207950
19195671
29051467
21274930
84679824
73528352
3062574
44986709
-5549476
93186055
70378217
-9008852
82001485
98064258
32402612
39991397
86889823
95493865
54261494
42988567
72765374
28413348
7635926
-3601173
11391452
7724381
97806328
8163258
42936121
19202956
66622949
65280374
56868685
48118180
44049000
-8395672
53972505
48155824
68131125
46568043
23476377
46670754
97503861
18285653
83774221
95274012
51345218
98853198
14119682
84568240
81163005
46234362
53019667
35059118
30087428
70879041
20695168
53721929
52131842
17467534
-2151256
10890798
53025976
-1924122
48855102
60645969
77452240
12299854
85058519
-21486
37138596
27229290
43987962
11773431
51160142
74206264
74916451
59453273
18939680
223663
-6859375
82519125
68747144
95898611
78599127
88315195
86619801
67447521
6060153
25698377
21582022
5119509
35776688
22859265
1745042
99768710
38829408
78635150
7078156
21193696
91299261
62634233
88586322
28876788
67662570
36451592
66682045
-4098197
-9222029
33935205
-747978
55377707
38650801
9437948
38552263
72938387
2139899
87184550
86601309
-8341993
17118836
65958639
46916512
62450205
71479027
82439356
54658893
27637090
46041469
35589310
97694737
40489949
4793793
87156751
15706866
44847431
78892203
52099471
99170371
83134397
9404091
31608710
98502184
72456904
75108301
16059859
80237223
38052496
76125590
41939656
66048627
14182226
93899677
4387511
21814133
81687236
-5025876
49068133
74835475
651143
40377020
40887788
54763526
84234358
-1870651
47345247
84993944
21948114
42881080
67685038
6337521
45456288
77633324
10154581
62830904
75076411
49266567
22016796
19710510
66149284
13958992
20104689
71701349
15439482
-9846313
33926474
44150844
84926288
11011371
24313087
33176614
20758775
48525203
78750957
90469127
90753154
-9271036
19252709
74227417
-3755209
73640898
94285479
5194345
95420779
56730769
51278035
27882657
99345039
-1448452
-9240263
93434762
16735650
9074071
89955202
1946323
61927396
29716326
5456211
12671861
63959755
23901574
21244911
-9444034
96953320
81560778
41890913
873212
33393885
80611121
65764372
64596184
62674983
42527441
30178912
74517919
18922423
-9006625
86904315
-4822355
89282375
-5281617
38417899
59236807
-1720845
51919821
67367115
96072865
38648385
60104175
19491892
7774613
24434611
-8097526
81510139
95417271
38312489
58735275
19353724
6287194
81042043
41090038
52498893
12808402
1548464
89563204
14526898
15076862
68783349
-2857889
80056323
4393743
67673029
9849684
-5187610
57933387
62277599
7789525
45947596
37485299
90956879
58938941
3498168
42648799
77922630
61899630
20333054
57056059
57886113
36067890
6505749
62756991
6270949
96846276
75164982
77958126
976251
18788463
19385404
59842911
24815363
35190291
86435983
38107131
-1465873
94452792
-9259914
56537348
39977501
48504460
83214937
62329034
87292189
8467261
39326706
66479386
78193239
31725517
57663220
29003465
15765623
41754998
718789
70518533
39068381
81318201
78090855
54181789
60928885
98753782
669392
22906960
36133102
11933277
15233862
99506927
34406443
88338352
93827992
72342046
51515439
27819655
76319756
34966917
45119252
62441109
61145491
16487368
77174278
7353519
89954456
54640993
14934557
93365155
21268181
81338855
7912145
-827559
30743375
56321783
-3196093
34506062
41048466
90297431
48623389
-624109
23098503
62219125
8558528
65357990
47956479
66160906
21642621
-1514038
68884917
-351814
71901959
33570588
57942309
63294869
85980885
73594000
37275296
42582535
-4026454
-4415280
83492422
98923094
92630477
41795798
8956968
88209423
11284526
55210133
14245601
86264918
41221798
63776665
25135250
910068
86861344
54272616
83031109
7361680
52894386
8096806
50277935
60993512
66520379
-8978244
21681592
70661966
89322779
74946914
24751248
81052081
69513356
31694671
46767698
54487137
21377465
16379805
4654285
90642027
25445838
88982044
30137866
28482260
56845747
56589509
65520822
-7382695
30181855
5889362
37463033
95135822
91145334
79911052
97624002
-657868
38901681
67898583
14667699
10385047
14959525
93252052
64851910
7758806
40687727
98956110
52988559
37967365
11315564
85283424
39622309
96773909
1146765
95315092
11395668
61743429
20121045
86898124
83297107
34848016
67889115
97822887
49233090
90649440
18282196
29858065
46554707
84656103
47760182
23596596
84242153
56780463
43133160
24809022
35152314
74713959
20954547
70404058
3466715
60248910
44904754
5283691
72508728
-3328432
23812364
80211458
705152
70377014
27518387
89775660
36554987
52002864
88221779
85274536
68885992
42517236
7274203
57607274
63025392
4690692
90824955
9340473
14742254
36979182
15322886
59763791
-3938705
49389593
71504142
75584435
61750906
75172414
68982236
8637898
75862185
93948258
39782109
96621804
-3096260
26199297
77603720
2706624
78164172
38364164
51490364
69739388
43481654
82596201
30496424
-8966646
22459316
67961939
40911301
1176420
40874233
24904730
91472363
12127469
98307314
41080796
8855902
19985549
55038385
67214315
8447787
-2829483
63858662
97314224
23952217
55284959
45207813
72722616
80449397
28063462
71926387
57835125
34980285
5202326
84976530
26277395
58389118
27297331
70243420
94856550
59799972
79733683
50181272
46445407
97791510
95905502
35249459
29654512
65975005
98869085
52664159
20049321
46541236
22969089
-1340131
79592032
70440494
36715608
54860788
78246393
5992761
2945869
73171070
67335146
98065532
71742119
2265082
61323960
53727418
52760369
81488819
28901834
23680774
1294484
24851974
83220991
-5593409
86962968
24608656
48565234
27355577
4700298
8897338
95101367
-6391034
81709330
35291778
14204213
-1685263
83404426
19182817
25373988
17314950
95131795
16539315
59973896
63371132
22126696
47908064
44227494
-5921303
80611096
54119847
41387373
-5833083
49939096
75387846
3336532
76283732
-7244304
25324936
43920523
83546188
62320339
54965725
47817470
2780059
91966983
13800288
15724587
94514699
64400470
73146326
50180047
18033291
81789332
75214685
98108792
6749428
41947503
97877020
55563813
51841664
45577759
55628359
90835440
-5508794
42149649
54371719
62280422
97895246
-7735028
84911722
13729446
66662483
89355247
5777398
84493372
63585897
58354438
22038854
44182955
77356796
50554647
76137867
-1762508
62642446
65866718
31732519
23380373
65230331
65635104
69180570
45822376
89190358
93287942
91584083
80358280
54335043
43157989
63780518
6426217
60513768
41319086
6018244
32737613
14473663
94169037
25173648
50976740
33203915
12213165
25076947
45082644
13416490
89407684
72270600
402658
99812681
34686302
70932371
39145046
3835473
86663341
23838892
61146441
-3511224
55451391
51177927
64605411
68638981
53174078
16929614
75289081
-8593236
18449899
78856446
-4043925
84214732
86411124
77546487
61041717
49871414
87149808
39971944
33787318
66287392
86543612
96841555
94592584
88873673
69924504
71055214
-6744422
-2050942
44783388
-1429595
32218215
43636949
45098970
-3161822
7376306
34613013
88876950
30113614
17187429
77013821
99559646
-5684220
8326160
73245876
5438235
78187458
85739331
69235055
64696683
23833851
97263597
81591248
90595015
93708161
-6882778
49813399
66884969
45483087
36061767
49957580
64575027
72939825
11597882
29354157
81769235
31800232
96417830
63210088
-405532
49734388
